% my often used SI-constants
SI_c = 299792458;  % speed of light
SI_e = 1.60217733e-19;
SI_pi = 3.14159265358979;
SI_em = 9.1093897e-31;
SI_pm = 1.6726231e-27;
SI_nm = 1.6749286e-27;
SI_re = 2.81794092e-15;
SI_rp = 1.5346986e-18;
SI_eps0 = 8.854187817e-12;
SI_mu0 = 4e-7*SI_pi;
SI_h = 6.626075e-34;
SI_miles_km = 1.609347; % US mile